      -47.99540998
      -47.98983369
      -47.98425741
      -47.97868113
      -47.97310003
      -47.96751892
      -47.96194023
      -47.95635913
      -47.95077802
      -47.94519692
      -47.93961582
      -47.93403471
      -47.92844879
      -47.92286286
      -47.91727935
      -47.91169342
      -47.90610749
      -47.90052157
      -47.89493564
      -47.88934971
      -47.88375896
      -47.87816821
      -47.87257988
      -47.86698913
      -47.86139837
      -47.85580762
      -47.85021687
      -47.84462612
      -47.83903055
      -47.83343498
      -47.82784181
      -47.82224624
      -47.81665067
      -47.81105509
      -47.80545952
      -47.79986394
      -47.79426354
      -47.78866314
      -47.78306516
      -47.77746476
      -47.77186436
      -47.76626396
      -47.76066356
      -47.75506316
      -47.74945794
      -47.74385271
      -47.73824990
      -47.73264467
      -47.72703945
      -47.72143422
      -47.71582900
      -47.71022377
      -47.70461372
      -47.69900367
      -47.69339603
      -47.68778598
      -47.68217593
      -47.67656588
      -47.67095582
      -47.66534577
      -47.65973089
      -47.65411601
      -47.64850355
      -47.64288867
      -47.63727379
      -47.63165891
      -47.62604403
      -47.62042915
      -47.61480945
      -47.60918974
      -47.60357245
      -47.59795274
      -47.59233304
      -47.58671333
      -47.58109362
      -47.57547391
      -47.56984938
      -47.56422484
      -47.55860272
      -47.55297819
      -47.54735365
      -47.54172912
      -47.53610458
      -47.53048005
      -47.52485068
      -47.51922132
      -47.51359437
      -47.50796500
      -47.50233564
      -47.49670627
      -47.49107691
      -47.48544754
      -47.47981335
      -47.47417915
      -47.46854738
      -47.46291318
      -47.45727899
      -47.45164479
      -47.44601060
      -47.44037640
      -47.43473738
      -47.42909835
      -47.42346174
      -47.41782272
      -47.41218369
      -47.40654467
      -47.40090564
      -47.39526662
      -47.38962276
      -47.38397890
      -47.37833746
      -47.37269361
      -47.36704975
      -47.36140589
      -47.35576204
      -47.35011818
      -47.34446949
      -47.33882080
      -47.33317453
      -47.32752584
      -47.32187716
      -47.31622847
      -47.31057978
      -47.30493109
      -47.29927757
      -47.29362405
      -47.28797295
      -47.28231942
      -47.27666590
      -47.27101238
      -47.26535886
      -47.25970534
      -47.25404699
      -47.24838863
      -47.24273270
      -47.23707434
      -47.23141599
      -47.22575763
      -47.22009928
      -47.21444093
      -47.20877774
      -47.20311455
      -47.19745378
      -47.19179059
      -47.18612741
      -47.18046422
      -47.17480103
      -47.16913784
      -47.16346982
      -47.15780180
      -47.15213620
      -47.14646817
      -47.14080015
      -47.13513213
      -47.12946411
      -47.12379608
      -47.11812323
      -47.11245037
      -47.10677993
      -47.10110708
      -47.09543422
      -47.08976136
      -47.08408851
      -47.07841565
      -47.07273796
      -47.06706027
      -47.06138499
      -47.05570730
      -47.05002961
      -47.04435191
      -47.03867422
      -47.03299653
      -47.02731400
      -47.02163147
      -47.01595137
      -47.01026884
      -47.00458631
      -46.99890378
      -46.99322125
      -46.98753872
      -46.98185136
      -46.97616399
      -46.97047905
      -46.96479168
      -46.95910432
      -46.95341695
      -46.94772959
      -46.94204222
      -46.93635002
      -46.93065782
      -46.92496804
      -46.91927584
      -46.91358364
      -46.90789143
      -46.90219923
      -46.89650703
      -46.89080999
      -46.88511295
      -46.87941833
      -46.87372129
      -46.86802425
      -46.86232722
      -46.85663018
      -46.85093314
      -46.84523126
      -46.83952938
      -46.83382993
      -46.82812805
      -46.82242617
      -46.81672429
      -46.81102242
      -46.80532054
      -46.79961382
      -46.79390711
      -46.78820281
      -46.78249610
      -46.77678938
      -46.77108266
      -46.76537595
      -46.75966923
      -46.75395768
      -46.74824612
      -46.74253699
      -46.73682543
      -46.73111388
      -46.72540232
      -46.71969077
      -46.71397921
      -46.70826282
      -46.70254642
      -46.69683245
      -46.69111606
      -46.68539966
      -46.67968327
      -46.67396687
      -46.66825048
      -46.66252925
      -46.65680801
      -46.65108920
      -46.64536796
      -46.63964673
      -46.63392549
      -46.62820426
      -46.62248302
      -46.61675695
      -46.61103088
      -46.60530722
      -46.59958115
      -46.59385507
      -46.58812900
      -46.58240292
      -46.57667685
      -46.57094593
      -46.56521502
      -46.55948652
      -46.55375561
      -46.54802469
      -46.54229378
      -46.53656286
      -46.53083195
      -46.52509619
      -46.51936043
      -46.51362710
      -46.50789134
      -46.50215558
      -46.49641983
      -46.49068407
      -46.48494831
      -46.47920772
      -46.47346712
      -46.46772894
      -46.46198834
      -46.45624774
      -46.45050714
      -46.44476655
      -46.43902595
      -46.43328051
      -46.42753507
      -46.42179205
      -46.41604661
      -46.41030117
      -46.40455573
      -46.39881029
      -46.39306485
      -46.38731456
      -46.38156428
      -46.37581642
      -46.37006614
      -46.36431585
      -46.35856557
      -46.35281529
      -46.34706500
      -46.34130988
      -46.33555475
      -46.32980205
      -46.32404693
      -46.31829180
      -46.31253667
      -46.30678155
      -46.30102642
      -46.29526645
      -46.28950648
      -46.28374894
      -46.27798897
      -46.27222900
      -46.26646903
      -46.26070906
      -46.25494909
      -46.24918428
      -46.24341947
      -46.23765708
      -46.23189227
      -46.22612746
      -46.22036264
      -46.21459783
      -46.20883302
      -46.20306336
      -46.19729371
      -46.19152647
      -46.18575682
      -46.17998716
      -46.17421750
      -46.16844785
      -46.16267819
      -46.15690369
      -46.15112919
      -46.14535711
      -46.13958261
      -46.13380811
      -46.12803361
      -46.12225911
      -46.11648461
      -46.11070527
      -46.10492592
      -46.09914900
      -46.09336966
      -46.08759031
      -46.08181097
      -46.07603162
      -46.07025228
      -46.06446809
      -46.05868390
      -46.05290213
      -46.04711794
      -46.04133375
      -46.03554956
      -46.02976537
      -46.02398118
      -46.01819215
      -46.01240311
      -46.00661650
      -46.00082747
      -45.99503843
      -45.98924940
      -45.98346036
      -45.97767133
      -45.97187745
      -45.96608357
      -45.96029211
      -45.95449823
      -45.94870435
      -45.94291047
      -45.93711659
      -45.93132271
      -45.92552399
      -45.91972526
      -45.91392896
      -45.90813023
      -45.90233151
      -45.89653278
      -45.89073406
      -45.88493533
      -45.87913176
      -45.87332819
      -45.86752704
      -45.86172347
      -45.85591990
      -45.85011633
      -45.84431276
      -45.83850918
      -45.83270077
      -45.82689235
      -45.82108636
      -45.81527794
      -45.80946952
      -45.80366110
      -45.79785269
      -45.79204427
      -45.78623101
      -45.78041774
      -45.77460690
      -45.76879364
      -45.76298037
      -45.75716711
      -45.75135385
      -45.74554058
      -45.73972247
      -45.73390436
      -45.72808868
      -45.72227057
      -45.71645246
      -45.71063435
      -45.70481623
      -45.69899812
      -45.69317517
      -45.68735221
      -45.68153168
      -45.67570872
      -45.66988576
      -45.66406281
      -45.65823985
      -45.65241689
      -45.64658909
      -45.64076129
      -45.63493591
      -45.62910810
      -45.62328030
      -45.61745249
      -45.61162469
      -45.60579689
      -45.59996424
      -45.59413159
      -45.58830136
      -45.58246871
      -45.57663606
      -45.57080341
      -45.56497075
      -45.55913810
      -45.55330061
      -45.54746311
      -45.54162804
      -45.53579054
      -45.52995304
      -45.52411554
      -45.51827804
      -45.51244054
      -45.50659820
      -45.50075585
      -45.49491593
      -45.48907359
      -45.48323124
      -45.47738889
      -45.47154655
      -45.46570420
      -45.45985701
      -45.45400982
      -45.44816505
      -45.44231786
      -45.43647066
      -45.43062347
      -45.42477628
      -45.41892908
      -45.41307704
      -45.40722500
      -45.40137539
      -45.39552335
      -45.38967131
      -45.38381927
      -45.37796722
      -45.37211518
      -45.36625830
      -45.36040141
      -45.35454694
      -45.34869006
      -45.34283317
      -45.33697628
      -45.33111939
      -45.32526250
      -45.31940077
      -45.31353903
      -45.30767972
      -45.30181798
      -45.29595625
      -45.29009451
      -45.28423277
      -45.27837104
      -45.27250445
      -45.26663787
      -45.26077371
      -45.25490713
      -45.24904054
      -45.24317396
      -45.23730737
      -45.23144079
      -45.22556936
      -45.21969793
      -45.21382892
      -45.20795749
      -45.20208605
      -45.19621462
      -45.19034319
      -45.18447176
      -45.17859548
      -45.17271920
      -45.16684534
      -45.16096906
      -45.15509278
      -45.14921650
      -45.14334022
      -45.13746394
      -45.13158281
      -45.12570169
      -45.11982298
      -45.11394185
      -45.10806073
      -45.10217960
      -45.09629847
      -45.09041734
      -45.08453137
      -45.07864539
      -45.07276184
      -45.06687586
      -45.06098988
      -45.05510391
      -45.04921793
      -45.04333195
      -45.03744113
      -45.03155031
      -45.02566191
      -45.01977108
      -45.01388026
      -45.00798943
      -45.00209861
      -44.99620778
      -44.99031211
      -44.98441644
      -44.97852319
      -44.97262752
      -44.96673185
      -44.96083617
      -44.95494050
      -44.94904483
      -44.94314431
      -44.93724379
      -44.93134569
      -44.92544517
      -44.91954465
      -44.91364413
      -44.90774361
      -44.90184309
      -44.89593772
      -44.89003235
      -44.88412941
      -44.87822404
      -44.87231867
      -44.86641330
      -44.86050793
      -44.85460256
      -44.84869235
      -44.84278213
      -44.83687434
      -44.83096412
      -44.82505390
      -44.81914369
      -44.81323347
      -44.80732325
      -44.80140819
      -44.79549312
      -44.78958048
      -44.78366542
      -44.77775035
      -44.77183529
      -44.76592022
      -44.76000516
      -44.75408525
      -44.74816533
      -44.74224785
      -44.73632793
      -44.73040802
      -44.72448811
      -44.71856819
      -44.71264828
      -44.70672352
      -44.70079876
      -44.69487642
      -44.68895166
      -44.68302690
      -44.67710214
      -44.67117738
      -44.66525262
      -44.65932301
      -44.65339340
      -44.64746622
      -44.64153661
      -44.63560700
      -44.62967739
      -44.62374778
      -44.61781817
      -44.61188372
      -44.60594926
      -44.60001723
      -44.59408278
      -44.58814832
      -44.58221386
      -44.57627941
      -44.57034495
      -44.56440565
      -44.55846634
      -44.55252946
      -44.54659016
      -44.54065086
      -44.53471155
      -44.52877225
      -44.52283294
      -44.51688879
      -44.51094464
      -44.50500292
      -44.49905876
      -44.49311461
      -44.48717046
      -44.48122631
      -44.47528216
      -44.46933316
      -44.46338416
      -44.45743759
      -44.45148859
      -44.44553959
      -44.43959059
      -44.43364159
      -44.42769259
      -44.42173875
      -44.41578490
      -44.40983348
      -44.40387964
      -44.39792579
      -44.39197194
      -44.38601810
      -44.38006425
      -44.37410556
      -44.36814687
      -44.36219060
      -44.35623191
      -44.35027321
      -44.34431452
      -44.33835583
      -44.33239713
      -44.32643360
      -44.32047006
      -44.31450894
      -44.30854540
      -44.30258186
      -44.29661832
      -44.29065478
      -44.28469124
      -44.27872286
      -44.27275447
      -44.26678851
      -44.26082012
      -44.25485174
      -44.24888335
      -44.24291496
      -44.23694658
      -44.23097335
      -44.22500011
      -44.21902931
      -44.21305607
      -44.20708284
      -44.20110961
      -44.19513637
      -44.18916314
      -44.18318506
      -44.17720699
      -44.17123133
      -44.16525325
      -44.15927517
      -44.15329709
      -44.14731901
      -44.14134094
      -44.13535801
      -44.12937509
      -44.12339459
      -44.11741166
      -44.11142874
      -44.10544581
      -44.09946289
      -44.09347996
      -44.08749219
      -44.08150442
      -44.07551908
      -44.06953131
      -44.06354354
      -44.05755576
      -44.05156799
      -44.04558022
      -44.03958761
      -44.03359499
      -44.02760480
      -44.02161218
      -44.01561957
      -44.00962695
      -44.00363434
      -43.99764172
      -43.99164426
      -43.98564680
      -43.97965176
      -43.97365430
      -43.96765684
      -43.96165938
      -43.95566192
      -43.94966446
      -43.94366215
      -43.93765985
      -43.93165996
      -43.92565766
      -43.91965535
      -43.91365305
      -43.90765074
      -43.90164843
      -43.89564128
      -43.88963413
      -43.88362941
      -43.87762226
      -43.87161511
      -43.86560795
      -43.85960080
      -43.85359365
      -43.84758166
      -43.84156967
      -43.83556009
      -43.82954810
      -43.82353610
      -43.81752411
      -43.81151211
      -43.80550012
      -43.79948328
      -43.79346644
      -43.78745203
      -43.78143519
      -43.77541835
      -43.76940151
      -43.76338467
      -43.75736783
      -43.75134615
      -43.74532447
      -43.73930521
      -43.73328353
      -43.72726185
      -43.72124017
      -43.71521848
      -43.70919680
      -43.70317028
      -43.69714375
      -43.69111965
      -43.68509312
      -43.67906660
      -43.67304007
      -43.66701355
      -43.66098702
      -43.65495566
      -43.64892429
      -43.64289534
      -43.63686397
      -43.63083260
      -43.62480124
      -43.61876987
      -43.61273850
      -43.60670229
      -43.60066608
      -43.59463229
      -43.58859608
      -43.58255987
      -43.57652366
      -43.57048745
      -43.56445124
      -43.55841019
      -43.55236913
      -43.54633050
      -43.54028945
      -43.53424840
      -43.52820735
      -43.52216629
      -43.51612524
      -43.51007935
      -43.50403345
      -43.49798998
      -43.49194409
      -43.48589819
      -43.47985230
      -43.47380640
      -43.46776051
      -43.46170978
      -43.45565904
      -43.44961073
      -43.44355999
      -43.43750925
      -43.43145852
      -43.42540778
      -43.41935705
      -43.41330147
      -43.40724590
      -43.40119274
      -43.39513717
      -43.38908159
      -43.38302601
      -43.37697044
      -43.37091486
      -43.36485445
      -43.35879403
      -43.35273604
      -43.34667562
      -43.34061520
      -43.33455479
      -43.32849437
      -43.32243395
      -43.31636870
      -43.31030344
      -43.30424061
      -43.29817535
      -43.29211009
      -43.28604484
      -43.27997958
      -43.27391432
      -43.26784423
      -43.26177413
      -43.25570646
      -43.24963636
      -43.24356627
      -43.23749617
      -43.23142608
      -43.22535598
      -43.21928105
      -43.21320611
      -43.20713360
      -43.20105867
      -43.19498373
      -43.18890880
      -43.18283386
      -43.17675893
      -43.17067916
      -43.16459939
      -43.15852203
      -43.15244226
      -43.14636249
      -43.14028271
      -43.13420294
      -43.12812317
      -43.12203856
      -43.11595395
      -43.10987176
      -43.10378715
      -43.09770254
      -43.09161793
      -43.08553332
      -43.07944871
      -43.07335926
      -43.06726981
      -43.06118279
      -43.05509334
      -43.04900389
      -43.04291444
      -43.03682499
      -43.03073555
      -43.02464126
      -43.01854698
      -43.01245512
      -43.00636083
      -43.00026655
      -42.99417226
      -42.98807798
      -42.98198369
      -42.97588458
      -42.96978545
      -42.96368875
      -42.95758963
      -42.95149051
      -42.94539139
      -42.93929227
      -42.93319315
      -42.92708920
      -42.92098524
      -42.91488371
      -42.90877975
      -42.90267579
      -42.89657184
      -42.89046788
      -42.88436392
      -42.87825514
      -42.87214635
      -42.86603997
      -42.85993118
      -42.85382239
      -42.84771360
      -42.84160481
      -42.83549602
      -42.82938240
      -42.82326877
      -42.81715756
      -42.81104394
      -42.80493031
      -42.79881669
      -42.79270306
      -42.78658944
      -42.78047098
      -42.77435252
      -42.76823648
      -42.76211802
      -42.75599957
      -42.74988111
      -42.74376265
      -42.73764419
      -42.73152090
      -42.72539761
      -42.71927673
      -42.71315344
      -42.70703015
      -42.70090686
      -42.69478357
      -42.68866028
      -42.68253215
      -42.67640403
      -42.67027832
      -42.66415020
      -42.65802208
      -42.65189395
      -42.64576583
      -42.63963770
      -42.63350475
      -42.62737179
      -42.62124126
      -42.61510830
      -42.60897534
      -42.60284239
      -42.59670943
      -42.59057648
      -42.58443869
      -42.57830091
      -42.57216554
      -42.56602775
      -42.55988996
      -42.55375218
      -42.54761439
      -42.54147660
      -42.53533399
      -42.52919137
      -42.52305117
      -42.51690855
      -42.51076594
      -42.50462332
      -42.49848070
      -42.49233809
      -42.48619064
      -42.48004319
      -42.47389817
      -42.46775072
      -42.46160327
      -42.45545583
      -42.44930838
      -42.44316093
      -42.43700866
      -42.43085638
      -42.42470653
      -42.41855425
      -42.41240197
      -42.40624970
      -42.40009742
      -42.39394515
      -42.38778805
      -42.38163094
      -42.37547626
      -42.36931915
      -42.36316205
      -42.35700495
      -42.35084784
      -42.34469074
      -42.33852881
      -42.33236688
      -42.32620737
      -42.32004544
      -42.31388351
      -42.30772157
      -42.30155964
      -42.29539771
      -42.28923096
      -42.28306420
      -42.27689986
      -42.27073310
      -42.26456635
      -42.25839959
      -42.25223283
      -42.24606607
      -42.23989449
      -42.23372291
      -42.22755374
      -42.22138216
      -42.21521058
      -42.20903899
      -42.20286741
      -42.19669583
      -42.19051942
      -42.18434301
      -42.17816902
      -42.17199261
      -42.16581621
      -42.15963980
      -42.15346339
      -42.14728698
      -42.14110575
      -42.13492452
      -42.12874570
      -42.12256447
      -42.11638324
      -42.11020201
      -42.10402078
      -42.09783955
      -42.09165349
      -42.08546744
      -42.07928380
      -42.07309774
      -42.06691169
      -42.06072563
      -42.05453958
      -42.04835352
      -42.04216265
      -42.03597177
      -42.02978330
      -42.02359243
      -42.01740155
      -42.01121067
      -42.00501979
      -41.99882892
      -41.99263322
      -41.98643752
      -41.98024424
      -41.97404854
      -41.96785284
      -41.96165714
      -41.95546144
      -41.94926574
      -41.94306522
      -41.93686470
      -41.93066660
      -41.92446608
      -41.91826556
      -41.91206504
      -41.90586452
      -41.89966400
      -41.89345866
      -41.88725332
      -41.88105040
      -41.87484506
      -41.86863972
      -41.86243438
      -41.85622904
      -41.85002370
      -41.84381354
      -41.83760339
      -41.83139564
      -41.82518548
      -41.81897532
      -41.81276517
      -41.80655501
      -41.80034485
      -41.79412988
      -41.78791490
      -41.78170234
      -41.77548736
      -41.76927238
      -41.76305741
      -41.75684243
      -41.75062746
      -41.74440767
      -41.73818787
      -41.73197049
      -41.72575070
      -41.71953091
      -41.71331111
      -41.70709132
      -41.70087153
      -41.69464692
      -41.68842231
      -41.68220011
      -41.67597550
      -41.66975090
      -41.66352629
      -41.65730168
      -41.65107707
      -41.64484765
      -41.63861822
      -41.63239121
      -41.62616179
      -41.61993236
      -41.61370294
      -41.60747351
      -41.60124409
      -41.59500986
      -41.58877562
      -41.58254379
      -41.57630955
      -41.57007531
      -41.56384108
      -41.55760684
      -41.55137260
      -41.54513355
      -41.53889450
      -41.53265786
      -41.52641881
      -41.52017976
      -41.51394071
      -41.50770166
      -41.50146260
      -41.49521874
      -41.48897488
      -41.48273343
      -41.47648956
      -41.47024570
      -41.46400184
      -41.45775798
      -41.45151411
      -41.44526544
      -41.43901677
      -41.43277050
      -41.42652183
      -41.42027316
      -41.41402448
      -41.40777581
      -41.40152713
      -41.39527365
      -41.38902017
      -41.38276909
      -41.37651561
      -41.37026213
      -41.36400864
      -41.35775516
      -41.35150168
      -41.34524339
      -41.33898509
      -41.33272921
      -41.32647092
      -41.32021262
      -41.31395433
      -41.30769604
      -41.30143775
      -41.29517465
      -41.28891155
      -41.28265085
      -41.27638775
      -41.27012465
      -41.26386155
      -41.25759845
      -41.25133535
      -41.24506745
      -41.23879954
      -41.23253404
      -41.22626614
      -41.21999823
      -41.21373032
      -41.20746242
      -41.20119451
      -41.19492180
      -41.18864909
      -41.18237878
      -41.17610607
      -41.16983336
      -41.16356064
      -41.15728793
      -41.15101522
      -41.14473770
      -41.13846019
      -41.13218508
      -41.12590756
      -41.11963004
      -41.11335253
      -41.10707501
      -41.10079749
      -41.09451518
      -41.08823286
      -41.08195294
      -41.07567062
      -41.06938830
      -41.06310598
      -41.05682366
      -41.05054134
      -41.04425422
      -41.03796710
      -41.03168238
      -41.02539526
      -41.01910814
      -41.01282102
      -41.00653389
      -41.00024677
      -40.99395485
      -40.98766293
      -40.98137341
      -40.97508149
      -40.96878956
      -40.96249764
      -40.95620572
      -40.94991380
      -40.94361708
      -40.93732035
      -40.93102603
      -40.92472931
      -40.91843259
      -40.91213587
      -40.90583914
      -40.89954242
      -40.89324090
      -40.88693938
      -40.88064026
      -40.87433874
      -40.86803722
      -40.86173570
      -40.85543418
      -40.84913266
      -40.84282634
      -40.83652002
      -40.83021611
      -40.82390979
      -40.81760347
      -40.81129715
      -40.80499083
      -40.79868452
      -40.79237340
      -40.78606229
      -40.77975358
      -40.77344246
      -40.76713135
      -40.76082023
      -40.75450912
      -40.74819801
      -40.74188210
      -40.73556619
      -40.72925268
      -40.72293677
      -40.71662086
      -40.71030495
      -40.70398905
      -40.69767314
      -40.69135244
      -40.68503173
      -40.67871343
      -40.67239273
      -40.66607203
      -40.65975132
      -40.65343062
      -40.64710992
      -40.64078443
      -40.63445893
      -40.62813584
      -40.62181034
      -40.61548485
      -40.60915935
      -40.60283386
      -40.59650836
      -40.59017808
      -40.58384779
      -40.57751991
      -40.57118962
      -40.56485934
      -40.55852905
      -40.55219876
      -40.54586848
      -40.53953341
      -40.53319833
      -40.52686565
      -40.52053058
      -40.51419550
      -40.50786043
      -40.50152535
      -40.49519028
      -40.48885042
      -40.48251055
      -40.47617309
      -40.46983322
      -40.46349336
      -40.45715350
      -40.45081363
      -40.44447377
      -40.43812912
      -40.43178447
      -40.42544222
      -40.41909757
      -40.41275292
      -40.40640827
      -40.40006362
      -40.39371897
      -40.38736953
      -40.38102010
      -40.37467306
      -40.36832362
      -40.36197419
      -40.35562475
      -40.34927531
      -40.34292588
      -40.33657166
      -40.33021744
      -40.32386562
      -40.31751140
      -40.31115718
      -40.30480296
      -40.29844874
      -40.29209452
      -40.28573552
      -40.27937651
      -40.27301991
      -40.26666090
      -40.26030190
      -40.25394290
      -40.24758389
      -40.24122489
      -40.23486111
      -40.22849733
      -40.22213594
      -40.21577215
      -40.20940837
      -40.20304458
      -40.19668080
      -40.19031702
      -40.18394846
      -40.17757989
      -40.17121372
      -40.16484516
      -40.15847659
      -40.15210803
      -40.14573947
      -40.13937090
      -40.13299756
      -40.12662422
      -40.12025327
      -40.11387993
      -40.10750658
      -40.10113324
      -40.09475990
      -40.08838656
      -40.08200844
      -40.07563032
      -40.06925459
      -40.06287647
      -40.05649836
      -40.05012024
      -40.04374212
      -40.03736400
      -40.03098111
      -40.02459821
      -40.01821771
      -40.01183481
      -40.00545192
      -39.99906902
      -39.99268613
      -39.98630323
      -39.97991557
      -39.97352790
      -39.96714262
      -39.96075495
      -39.95436728
      -39.94797961
      -39.94159194
      -39.93520428
      -39.92881184
      -39.92241940
      -39.91602934
      -39.90963690
      -39.90324446
      -39.89685202
      -39.89045958
      -39.88406714
      -39.87766993
      -39.87127272
      -39.86487789
      -39.85848068
      -39.85208347
      -39.84568626
      -39.83928904
      -39.83289183
      -39.82648985
      -39.82008787
      -39.81368828
      -39.80728630
      -39.80088432
      -39.79448233
      -39.78808035
      -39.78167837
      -39.77527162
      -39.76886487
      -39.76246051
      -39.75605376
      -39.74964701
      -39.74324026
      -39.73683352
      -39.73042677
      -39.72401525
      -39.71760374
      -39.71119461
      -39.70478309
      -39.69837158
      -39.69196006
      -39.68554855
      -39.67913703
      -39.67272075
      -39.66630447
      -39.65989058
      -39.65347430
      -39.64705802
      -39.64064174
      -39.63422546
      -39.62780918
      -39.62138814
      -39.61496709
      -39.60854843
      -39.60212739
      -39.59570635
      -39.58928530
      -39.58286426
      -39.57644322
      -39.57001741
      -39.56359161
      -39.55716819
      -39.55074238
      -39.54431658
      -39.53789077
      -39.53146497
      -39.52503917
      -39.51860860
      -39.51217804
      -39.50574986
      -39.49931929
      -39.49288873
      -39.48645816
      -39.48002760
      -39.47359704
      -39.46716172
      -39.46072639
      -39.45429345
      -39.44785813
      -39.44142281
      -39.43498748
      -39.42855216
      -39.42211684
      -39.41567676
      -39.40923668
      -39.40279899
      -39.39635891
      -39.38991883
      -39.38347875
      -39.37703867
      -39.37059859
      -39.36415376
      -39.35770893
      -39.35126647
      -39.34482164
      -39.33837681
      -39.33193197
      -39.32548714
      -39.31904230
      -39.31259272
      -39.30614313
      -39.29969593
      -39.29324634
      -39.28679675
      -39.28034717
      -39.27389758
      -39.26744799
      -39.26099366
      -39.25453932
      -39.24808736
      -39.24163302
      -39.23517868
      -39.22872435
      -39.22227001
      -39.21581567
      -39.20935659
      -39.20289750
      -39.19644079
      -39.18998170
      -39.18352261
      -39.17706353
      -39.17060444
      -39.16414535
      -39.15768152
      -39.15121768
      -39.14475622
      -39.13829239
      -39.13182855
      -39.12536472
      -39.11890088
      -39.11243705
      -39.10596847
      -39.09949989
      -39.09303368
      -39.08656510
      -39.08009652
      -39.07362794
      -39.06715936
      -39.06069078
      -39.05421745
      -39.04774413
      -39.04127318
      -39.03479985
      -39.02832653
      -39.02185320
      -39.01537987
      -39.00890655
      -39.00242848
      -38.99595042
      -38.98947472
      -38.98299665
      -38.97651859
      -38.97004052
      -38.96356245
      -38.95708438
      -38.95060158
      -38.94411877
      -38.93763833
      -38.93115552
      -38.92467272
      -38.91818991
      -38.91170710
      -38.90522429
      -38.89873675
      -38.89224920
      -38.88576402
      -38.87927648
      -38.87278893
      -38.86630138
      -38.85981383
      -38.85332629
      -38.84683401
      -38.84034172
      -38.83385181
      -38.82735953
      -38.82086724
      -38.81437496
      -38.80788267
      -38.80139039
      -38.79489337
      -38.78839635
      -38.78190171
      -38.77540469
      -38.76890767
      -38.76241065
      -38.75591363
      -38.74941661
      -38.74291486
      -38.73641311
      -38.72991373
      -38.72341197
      -38.71691022
      -38.71040847
      -38.70390672
      -38.69740497
      -38.69089849
      -38.68439200
      -38.67788789
      -38.67138140
      -38.66487492
      -38.65836844
      -38.65186195
      -38.64535547
      -38.63884426
      -38.63233305
      -38.62582420
      -38.61931299
      -38.61280178
      -38.60629057
      -38.59977935
      -38.59326814
      -38.58675220
      -38.58023626
      -38.57372269
      -38.56720675
      -38.56069081
      -38.55417487
      -38.54765893
      -38.54114299
      -38.53462233
      -38.52810167
      -38.52158337
      -38.51506270
      -38.50854204
      -38.50202137
      -38.49550071
      -38.48898004
      -38.48245465
      -38.47592927
      -38.46940624
      -38.46288085
      -38.45635547
      -38.44983008
      -38.44330469
      -38.43677930
      -38.43024919
      -38.42371908
      -38.41719134
      -38.41066123
      -38.40413112
      -38.39760101
      -38.39107090
      -38.38454079
      -38.37800596
      -38.37147113
      -38.36493867
      -38.35840384
      -38.35186901
      -38.34533418
      -38.33879935
      -38.33226452
      -38.32572498
      -38.31918543
      -38.31264825
      -38.30610870
      -38.29956915
      -38.29302961
      -38.28649006
      -38.27995052
      -38.27340626
      -38.26686199
      -38.26032009
      -38.25377583
      -38.24723157
      -38.24068731
      -38.23414305
      -38.22759879
      -38.22104981
      -38.21450084
      -38.20795422
      -38.20140525
      -38.19485627
      -38.18830730
      -38.18175832
      -38.17520935
      -38.16865567
      -38.16210198
      -38.15555065
      -38.14899697
      -38.14244328
      -38.13588960
      -38.12933591
      -38.12278222
      -38.11622383
      -38.10966544
      -38.10310940
      -38.09655101
      -38.08999261
      -38.08343422
      -38.07687582
      -38.07031743
      -38.06375433
      -38.05719123
      -38.05063048
      -38.04406738
      -38.03750428
      -38.03094118
      -38.02437807
      -38.01781497
      -38.01124717
      -38.00467936
      -37.99811391
      -37.99154610
      -37.98497830
      -37.97841049
      -37.97184269
      -37.96527488
      -37.95870237
      -37.95212986
      -37.94555971
      -37.93898720
      -37.93241469
      -37.92584218
      -37.91926967
      -37.91269716
      -37.90611996
      -37.89954275
      -37.89296789
      -37.88639068
      -37.87981347
      -37.87323626
      -37.86665906
      -37.86008185
      -37.85349994
      -37.84691803
      -37.84033848
      -37.83375657
      -37.82717466
      -37.82059276
      -37.81401085
      -37.80742894
      -37.80084234
      -37.79425574
      -37.78767148
      -37.78108488
      -37.77449828
      -37.76791167
      -37.76132507
      -37.75473847
      -37.74814717
      -37.74155587
      -37.73496693
      -37.72837563
      -37.72178433
      -37.71519303
      -37.70860174
      -37.70201044
      -37.69541445
      -37.68881847
      -37.68222483
      -37.67562884
      -37.66903285
      -37.66243686
      -37.65584087
      -37.64924488
      -37.64264421
      -37.63604353
      -37.62944520
      -37.62284452
      -37.61624384
      -37.60964316
      -37.60304248
      -37.59644181
      -37.58983644
      -37.58323108
      -37.57662806
      -37.57002270
      -37.56341733
      -37.55681197
      -37.55020660
      -37.54360123
      -37.53699119
      -37.53038114
      -37.52377343
      -37.51716338
      -37.51055333
      -37.50394328
      -37.49733323
      -37.49072318
      -37.48410846
      -37.47749372
      -37.47088133
      -37.46426660
      -37.45765187
      -37.45103714
      -37.44442241
      -37.43780767
      -37.43118826
      -37.42456885
      -37.41795178
      -37.41133237
      -37.40471296
      -37.39809355
      -37.39147413
      -37.38485472
      -37.37823063
      -37.37160654
      -37.36498480
      -37.35836071
      -37.35173662
      -37.34511253
      -37.33848844
      -37.33186435
      -37.32523558
      -37.31860682
      -37.31198039
      -37.30535163
      -37.29872286
      -37.29209410
      -37.28546533
      -37.27883657
      -37.27220313
      -37.26556969
      -37.25893860
      -37.25230516
      -37.24567172
      -37.23903828
      -37.23240484
      -37.22577140
      -37.21913330
      -37.21249519
      -37.20585942
      -37.19922131
      -37.19258320
      -37.18594509
      -37.17930698
      -37.17266887
      -37.16602610
      -37.15938332
      -37.15274288
      -37.14610011
      -37.13945733
      -37.13281455
      -37.12617178
      -37.11952900
      -37.11288156
      -37.10623412
      -37.09958901
      -37.09294157
      -37.08629412
      -37.07964668
      -37.07299924
      -37.06635180
      -37.05969969
      -37.05304759
      -37.04639782
      -37.03974571
      -37.03309360
      -37.02644150
      -37.01978939
      -37.01313729
      -37.00648052
      -36.99982376
      -36.99316932
      -36.98651256
      -36.97985579
      -36.97319902
      -36.96654225
      -36.95988549
      -36.95322407
      -36.94656264
      -36.93990355
      -36.93324212
      -36.92658070
      -36.91991927
      -36.91325785
      -36.90659642
      -36.89993035
      -36.89326426
      -36.88660051
      -36.87993443
      -36.87326835
      -36.86660227
      -36.85993619
      -36.85327011
      -36.84659938
      -36.83992865
      -36.83326024
      -36.82658951
      -36.81991877
      -36.81324804
      -36.80657730
      -36.79990657
      -36.79323119
      -36.78655580
      -36.77988275
      -36.77320736
      -36.76653198
      -36.75985659
      -36.75318121
      -36.74650582
      -36.73982579
      -36.73314576
      -36.72646805
      -36.71978802
      -36.71310799
      -36.70642796
      -36.69974792
      -36.69306789
      -36.68638321
      -36.67969854
      -36.67301618
      -36.66633150
      -36.65964683
      -36.65296215
      -36.64627747
      -36.63959279
      -36.63290347
      -36.62621415
      -36.61952715
      -36.61283783
      -36.60614851
      -36.59945919
      -36.59276987
      -36.58608055
      -36.57938659
      -36.57269262
      -36.56600099
      -36.55930702
      -36.55261306
      -36.54591910
      -36.53922514
      -36.53253118
      -36.52583258
      -36.51913398
      -36.51243770
      -36.50573910
      -36.49904050
      -36.49234190
      -36.48564330
      -36.47894470
      -36.47224147
      -36.46553824
      -36.45883732
      -36.45213409
      -36.44543085
      -36.43872762
      -36.43202438
      -36.42532115
      -36.41861329
      -36.41190542
      -36.40519987
      -36.39849200
      -36.39178414
      -36.38507627
      -36.37836840
      -36.37166054
      -36.36494804
      -36.35823554
      -36.35152537
      -36.34481287
      -36.33810037
      -36.33138787
      -36.32467538
      -36.31796288
      -36.31124576
      -36.30452864
      -36.29781383
      -36.29109670
      -36.28437958
      -36.27766246
      -36.27094533
      -36.26422821
      -36.25750646
      -36.25078472
      -36.24406528
      -36.23734353
      -36.23062179
      -36.22390004
      -36.21717829
      -36.21045654
      -36.20373018
      -36.19700381
      -36.19027975
      -36.18355338
      -36.17682701
      -36.17010064
      -36.16337427
      -36.15664790
      -36.14991692
      -36.14318593
      -36.13645725
      -36.12972626
      -36.12299527
      -36.11626428
      -36.10953330
      -36.10280231
      -36.09606671
      -36.08933110
      -36.08259781
      -36.07586220
      -36.06912660
      -36.06239099
      -36.05565539
      -36.04891979
      -36.04217957
      -36.03543935
      -36.02870144
      -36.02196123
      -36.01522101
      -36.00848079
      -36.00174057
      -35.99500036
      -35.98825553
      -35.98151070
      -35.97476818
      -35.96802335
      -35.96127853
      -35.95453370
      -35.94778887
      -35.94104404
      -35.93429461
      -35.92754517
      -35.92079804
      -35.91404861
      -35.90729917
      -35.90054974
      -35.89380030
      -35.88705086
      -35.88029683
      -35.87354279
      -35.86679105
      -35.86003701
      -35.85328297
      -35.84652893
      -35.83977489
      -35.83302085
      -35.82626221
      -35.81950357
      -35.81274723
      -35.80598859
      -35.79922994
      -35.79247130
      -35.78571266
      -35.77895402
      -35.77219078
      -35.76542754
      -35.75866660
      -35.75190336
      -35.74514012
      -35.73837687
      -35.73161363
      -35.72485039
      -35.71808256
      -35.71131472
      -35.70454918
      -35.69778135
      -35.69101351
      -35.68424567
      -35.67747783
      -35.67071000
      -35.66393757
      -35.65716514
      -35.65039501
      -35.64362258
      -35.63685015
      -35.63007772
      -35.62330528
      -35.61653285
      -35.60975584
      -35.60297882
      -35.59620409
      -35.58942707
      -35.58265005
      -35.57587303
      -35.56909601
      -35.56231899
      -35.55553738
      -35.54875578
      -35.54197647
      -35.53519486
      -35.52841325
      -35.52163164
      -35.51485003
      -35.50806843
      -35.50128224
      -35.49449604
      -35.48771215
      -35.48092595
      -35.47413976
      -35.46735357
      -35.46056738
      -35.45378119
      -35.44699041
      -35.44019964
      -35.43341116
      -35.42662039
      -35.41982961
      -35.41303884
      -35.40624807
      -35.39945729
      -35.39266195
      -35.38586659
      -35.37907353
      -35.37227818
      -35.36548283
      -35.35868748
      -35.35189213
      -35.34509677
      -35.33829685
      -35.33149692
      -35.32469929
      -35.31789936
      -35.31109943
      -35.30429951
      -35.29749958
      -35.29069965
      -35.28389516
      -35.27709066
      -35.27028845
      -35.26348395
      -35.25667945
      -35.24987495
      -35.24307045
      -35.23626595
      -35.22945689
      -35.22264782
      -35.21584104
      -35.20903197
      -35.20222290
      -35.19541383
      -35.18860476
      -35.18179570
      -35.17498207
      -35.16816843
      -35.16135708
      -35.15454345
      -35.14772981
      -35.14091618
      -35.13410255
      -35.12728891
      -35.12047072
      -35.11365252
      -35.10683661
      -35.10001841
      -35.09320021
      -35.08638202
      -35.07956382
      -35.07274562
      -35.06592287
      -35.05910011
      -35.05227964
      -35.04545688
      -35.03863412
      -35.03181137
      -35.02498861
      -35.01816585
      -35.01133854
      -35.00451123
      -34.99768620
      -34.99085888
      -34.98403157
      -34.97720426
      -34.97037694
      -34.96354963
      -34.95671777
      -34.94988590
      -34.94305631
      -34.93622445
      -34.92939258
      -34.92256071
      -34.91572885
      -34.90889698
      -34.90206056
      -34.89522415
      -34.88839001
      -34.88155359
      -34.87471717
      -34.86788076
      -34.86104434
      -34.85420792
      -34.84736696
      -34.84052600
      -34.83368731
      -34.82684635
      -34.82000538
      -34.81316442
      -34.80632345
      -34.79948249
      -34.79263698
      -34.78579148
      -34.77894824
      -34.77210273
      -34.76525723
      -34.75841172
      -34.75156621
      -34.74472070
      -34.73787066
      -34.73102061
      -34.72417283
      -34.71732278
      -34.71047273
      -34.70362269
      -34.69677264
      -34.68992259
      -34.68306801
      -34.67621342
      -34.66936111
      -34.66250652
      -34.65565193
      -34.64879735
      -34.64194276
      -34.63508818
      -34.62822906
      -34.62136994
      -34.61451309
      -34.60765397
      -34.60079485
      -34.59393573
      -34.58707661
      -34.58021749
      -34.57335384
      -34.56649019
      -34.55962881
      -34.55276516
      -34.54590151
      -34.53903785
      -34.53217420
      -34.52531055
      -34.51844238
      -34.51157420
      -34.50470829
      -34.49784011
      -34.49097193
      -34.48410375
      -34.47723558
      -34.47036740
      -34.46349470
      -34.45662200
      -34.44975156
      -34.44287886
      -34.43600615
      -34.42913345
      -34.42226075
      -34.41538805
      -34.40851083
      -34.40163360
      -34.39475864
      -34.38788142
      -34.38100420
      -34.37412697
      -34.36724975
      -34.36037253
      -34.35349079
      -34.34660905
      -34.33972957
      -34.33284783
      -34.32596609
      -34.31908435
      -34.31220261
      -34.30532087
      -34.29843462
      -34.29154836
      -34.28466437
      -34.27777811
      -34.27089186
      -34.26400560
      -34.25711935
      -34.25023309
      -34.24334233
      -34.23645157
      -34.22956306
      -34.22267230
      -34.21578153
      -34.20889077
      -34.20200000
      -34.19510923
      -34.18821397
      -34.18131869
      -34.17442568
      -34.16753041
      -34.16063513
      -34.15373986
      -34.14684459
      -34.13994932
      -34.13304954
      -34.12614977
      -34.11925225
      -34.11235247
      -34.10545269
      -34.09855292
      -34.09165314
      -34.08475337
      -34.07784909
      -34.07094482
      -34.06404279
      -34.05713852
      -34.05023424
      -34.04332997
      -34.03642569
      -34.02952141
      -34.02261264
      -34.01570387
