      166.02083333
      166.02916667
      166.03750000
      166.04583333
      166.05416667
      166.06250000
      166.07083333
      166.07916667
      166.08750000
      166.09583333
      166.10416667
      166.11250000
      166.12083333
      166.12916667
      166.13750000
      166.14583333
      166.15416667
      166.16250000
      166.17083333
      166.17916667
      166.18750000
      166.19583333
      166.20416667
      166.21250000
      166.22083333
      166.22916667
      166.23750000
      166.24583333
      166.25416667
      166.26250000
      166.27083333
      166.27916667
      166.28750000
      166.29583333
      166.30416667
      166.31250000
      166.32083333
      166.32916667
      166.33750000
      166.34583333
      166.35416667
      166.36250000
      166.37083333
      166.37916667
      166.38750000
      166.39583333
      166.40416667
      166.41250000
      166.42083333
      166.42916667
      166.43750000
      166.44583333
      166.45416667
      166.46250000
      166.47083333
      166.47916667
      166.48750000
      166.49583333
      166.50416667
      166.51250000
      166.52083333
      166.52916667
      166.53750000
      166.54583333
      166.55416667
      166.56250000
      166.57083333
      166.57916667
      166.58750000
      166.59583333
      166.60416667
      166.61250000
      166.62083333
      166.62916667
      166.63750000
      166.64583333
      166.65416667
      166.66250000
      166.67083333
      166.67916667
      166.68750000
      166.69583333
      166.70416667
      166.71250000
      166.72083333
      166.72916667
      166.73750000
      166.74583333
      166.75416667
      166.76250000
      166.77083333
      166.77916667
      166.78750000
      166.79583333
      166.80416667
      166.81250000
      166.82083333
      166.82916667
      166.83750000
      166.84583333
      166.85416667
      166.86250000
      166.87083333
      166.87916667
      166.88750000
      166.89583333
      166.90416667
      166.91250000
      166.92083333
      166.92916667
      166.93750000
      166.94583333
      166.95416667
      166.96250000
      166.97083333
      166.97916667
      166.98750000
      166.99583333
      167.00416667
      167.01250000
      167.02083333
      167.02916667
      167.03750000
      167.04583333
      167.05416667
      167.06250000
      167.07083333
      167.07916667
      167.08750000
      167.09583333
      167.10416667
      167.11250000
      167.12083333
      167.12916667
      167.13750000
      167.14583333
      167.15416667
      167.16250000
      167.17083333
      167.17916667
      167.18750000
      167.19583333
      167.20416667
      167.21250000
      167.22083333
      167.22916667
      167.23750000
      167.24583333
      167.25416667
      167.26250000
      167.27083333
      167.27916667
      167.28750000
      167.29583333
      167.30416667
      167.31250000
      167.32083333
      167.32916667
      167.33750000
      167.34583333
      167.35416667
      167.36250000
      167.37083333
      167.37916667
      167.38750000
      167.39583333
      167.40416667
      167.41250000
      167.42083333
      167.42916667
      167.43750000
      167.44583333
      167.45416667
      167.46250000
      167.47083333
      167.47916667
      167.48750000
      167.49583333
      167.50416667
      167.51250000
      167.52083333
      167.52916667
      167.53750000
      167.54583333
      167.55416667
      167.56250000
      167.57083333
      167.57916667
      167.58750000
      167.59583333
      167.60416667
      167.61250000
      167.62083333
      167.62916667
      167.63750000
      167.64583333
      167.65416667
      167.66250000
      167.67083333
      167.67916667
      167.68750000
      167.69583333
      167.70416667
      167.71250000
      167.72083333
      167.72916667
      167.73750000
      167.74583333
      167.75416667
      167.76250000
      167.77083333
      167.77916667
      167.78750000
      167.79583333
      167.80416667
      167.81250000
      167.82083333
      167.82916667
      167.83750000
      167.84583333
      167.85416667
      167.86250000
      167.87083333
      167.87916667
      167.88750000
      167.89583333
      167.90416667
      167.91250000
      167.92083333
      167.92916667
      167.93750000
      167.94583333
      167.95416667
      167.96250000
      167.97083333
      167.97916667
      167.98750000
      167.99583333
      168.00416667
      168.01250000
      168.02083333
      168.02916667
      168.03750000
      168.04583333
      168.05416667
      168.06250000
      168.07083333
      168.07916667
      168.08750000
      168.09583333
      168.10416667
      168.11250000
      168.12083333
      168.12916667
      168.13750000
      168.14583333
      168.15416667
      168.16250000
      168.17083333
      168.17916667
      168.18750000
      168.19583333
      168.20416667
      168.21250000
      168.22083333
      168.22916667
      168.23750000
      168.24583333
      168.25416667
      168.26250000
      168.27083333
      168.27916667
      168.28750000
      168.29583333
      168.30416667
      168.31250000
      168.32083333
      168.32916667
      168.33750000
      168.34583333
      168.35416667
      168.36250000
      168.37083333
      168.37916667
      168.38750000
      168.39583333
      168.40416667
      168.41250000
      168.42083333
      168.42916667
      168.43750000
      168.44583333
      168.45416667
      168.46250000
      168.47083333
      168.47916667
      168.48750000
      168.49583333
      168.50416667
      168.51250000
      168.52083333
      168.52916667
      168.53750000
      168.54583333
      168.55416667
      168.56250000
      168.57083333
      168.57916667
      168.58750000
      168.59583333
      168.60416667
      168.61250000
      168.62083333
      168.62916667
      168.63750000
      168.64583333
      168.65416667
      168.66250000
      168.67083333
      168.67916667
      168.68750000
      168.69583333
      168.70416667
      168.71250000
      168.72083333
      168.72916667
      168.73750000
      168.74583333
      168.75416667
      168.76250000
      168.77083333
      168.77916667
      168.78750000
      168.79583333
      168.80416667
      168.81250000
      168.82083333
      168.82916667
      168.83750000
      168.84583333
      168.85416667
      168.86250000
      168.87083333
      168.87916667
      168.88750000
      168.89583333
      168.90416667
      168.91250000
      168.92083333
      168.92916667
      168.93750000
      168.94583333
      168.95416667
      168.96250000
      168.97083333
      168.97916667
      168.98750000
      168.99583333
      169.00416667
      169.01250000
      169.02083333
      169.02916667
      169.03750000
      169.04583333
      169.05416667
      169.06250000
      169.07083333
      169.07916667
      169.08750000
      169.09583333
      169.10416667
      169.11250000
      169.12083333
      169.12916667
      169.13750000
      169.14583333
      169.15416667
      169.16250000
      169.17083333
      169.17916667
      169.18750000
      169.19583333
      169.20416667
      169.21250000
      169.22083333
      169.22916667
      169.23750000
      169.24583333
      169.25416667
      169.26250000
      169.27083333
      169.27916667
      169.28750000
      169.29583333
      169.30416667
      169.31250000
      169.32083333
      169.32916667
      169.33750000
      169.34583333
      169.35416667
      169.36250000
      169.37083333
      169.37916667
      169.38750000
      169.39583333
      169.40416667
      169.41250000
      169.42083333
      169.42916667
      169.43750000
      169.44583333
      169.45416667
      169.46250000
      169.47083333
      169.47916667
      169.48750000
      169.49583333
      169.50416667
      169.51250000
      169.52083333
      169.52916667
      169.53750000
      169.54583333
      169.55416667
      169.56250000
      169.57083333
      169.57916667
      169.58750000
      169.59583333
      169.60416667
      169.61250000
      169.62083333
      169.62916667
      169.63750000
      169.64583333
      169.65416667
      169.66250000
      169.67083333
      169.67916667
      169.68750000
      169.69583333
      169.70416667
      169.71250000
      169.72083333
      169.72916667
      169.73750000
      169.74583333
      169.75416667
      169.76250000
      169.77083333
      169.77916667
      169.78750000
      169.79583333
      169.80416667
      169.81250000
      169.82083333
      169.82916667
      169.83750000
      169.84583333
      169.85416667
      169.86250000
      169.87083333
      169.87916667
      169.88750000
      169.89583333
      169.90416667
      169.91250000
      169.92083333
      169.92916667
      169.93750000
      169.94583333
      169.95416667
      169.96250000
      169.97083333
      169.97916667
      169.98750000
      169.99583333
      170.00416667
      170.01250000
      170.02083333
      170.02916667
      170.03750000
      170.04583333
      170.05416667
      170.06250000
      170.07083333
      170.07916667
      170.08750000
      170.09583333
      170.10416667
      170.11250000
      170.12083333
      170.12916667
      170.13750000
      170.14583333
      170.15416667
      170.16250000
      170.17083333
      170.17916667
      170.18750000
      170.19583333
      170.20416667
      170.21250000
      170.22083333
      170.22916667
      170.23750000
      170.24583333
      170.25416667
      170.26250000
      170.27083333
      170.27916667
      170.28750000
      170.29583333
      170.30416667
      170.31250000
      170.32083333
      170.32916667
      170.33750000
      170.34583333
      170.35416667
      170.36250000
      170.37083333
      170.37916667
      170.38750000
      170.39583333
      170.40416667
      170.41250000
      170.42083333
      170.42916667
      170.43750000
      170.44583333
      170.45416667
      170.46250000
      170.47083333
      170.47916667
      170.48750000
      170.49583333
      170.50416667
      170.51250000
      170.52083333
      170.52916667
      170.53750000
      170.54583333
      170.55416667
      170.56250000
      170.57083333
      170.57916667
      170.58750000
      170.59583333
      170.60416667
      170.61250000
      170.62083333
      170.62916667
      170.63750000
      170.64583333
      170.65416667
      170.66250000
      170.67083333
      170.67916667
      170.68750000
      170.69583333
      170.70416667
      170.71250000
      170.72083333
      170.72916667
      170.73750000
      170.74583333
      170.75416667
      170.76250000
      170.77083333
      170.77916667
      170.78750000
      170.79583333
      170.80416667
      170.81250000
      170.82083333
      170.82916667
      170.83750000
      170.84583333
      170.85416667
      170.86250000
      170.87083333
      170.87916667
      170.88750000
      170.89583333
      170.90416667
      170.91250000
      170.92083333
      170.92916667
      170.93750000
      170.94583333
      170.95416667
      170.96250000
      170.97083333
      170.97916667
      170.98750000
      170.99583333
      171.00416667
      171.01250000
      171.02083333
      171.02916667
      171.03750000
      171.04583333
      171.05416667
      171.06250000
      171.07083333
      171.07916667
      171.08750000
      171.09583333
      171.10416667
      171.11250000
      171.12083333
      171.12916667
      171.13750000
      171.14583333
      171.15416667
      171.16250000
      171.17083333
      171.17916667
      171.18750000
      171.19583333
      171.20416667
      171.21250000
      171.22083333
      171.22916667
      171.23750000
      171.24583333
      171.25416667
      171.26250000
      171.27083333
      171.27916667
      171.28750000
      171.29583333
      171.30416667
      171.31250000
      171.32083333
      171.32916667
      171.33750000
      171.34583333
      171.35416667
      171.36250000
      171.37083333
      171.37916667
      171.38750000
      171.39583333
      171.40416667
      171.41250000
      171.42083333
      171.42916667
      171.43750000
      171.44583333
      171.45416667
      171.46250000
      171.47083333
      171.47916667
      171.48750000
      171.49583333
      171.50416667
      171.51250000
      171.52083333
      171.52916667
      171.53750000
      171.54583333
      171.55416667
      171.56250000
      171.57083333
      171.57916667
      171.58750000
      171.59583333
      171.60416667
      171.61250000
      171.62083333
      171.62916667
      171.63750000
      171.64583333
      171.65416667
      171.66250000
      171.67083333
      171.67916667
      171.68750000
      171.69583333
      171.70416667
      171.71250000
      171.72083333
      171.72916667
      171.73750000
      171.74583333
      171.75416667
      171.76250000
      171.77083333
      171.77916667
      171.78750000
      171.79583333
      171.80416667
      171.81250000
      171.82083333
      171.82916667
      171.83750000
      171.84583333
      171.85416667
      171.86250000
      171.87083333
      171.87916667
      171.88750000
      171.89583333
      171.90416667
      171.91250000
      171.92083333
      171.92916667
      171.93750000
      171.94583333
      171.95416667
      171.96250000
      171.97083333
      171.97916667
      171.98750000
      171.99583333
      172.00416667
      172.01250000
      172.02083333
      172.02916667
      172.03750000
      172.04583333
      172.05416667
      172.06250000
      172.07083333
      172.07916667
      172.08750000
      172.09583333
      172.10416667
      172.11250000
      172.12083333
      172.12916667
      172.13750000
      172.14583333
      172.15416667
      172.16250000
      172.17083333
      172.17916667
      172.18750000
      172.19583333
      172.20416667
      172.21250000
      172.22083333
      172.22916667
      172.23750000
      172.24583333
      172.25416667
      172.26250000
      172.27083333
      172.27916667
      172.28750000
      172.29583333
      172.30416667
      172.31250000
      172.32083333
      172.32916667
      172.33750000
      172.34583333
      172.35416667
      172.36250000
      172.37083333
      172.37916667
      172.38750000
      172.39583333
      172.40416667
      172.41250000
      172.42083333
      172.42916667
      172.43750000
      172.44583333
      172.45416667
      172.46250000
      172.47083333
      172.47916667
      172.48750000
      172.49583333
      172.50416667
      172.51250000
      172.52083333
      172.52916667
      172.53750000
      172.54583333
      172.55416667
      172.56250000
      172.57083333
      172.57916667
      172.58750000
      172.59583333
      172.60416667
      172.61250000
      172.62083333
      172.62916667
      172.63750000
      172.64583333
      172.65416667
      172.66250000
      172.67083333
      172.67916667
      172.68750000
      172.69583333
      172.70416667
      172.71250000
      172.72083333
      172.72916667
      172.73750000
      172.74583333
      172.75416667
      172.76250000
      172.77083333
      172.77916667
      172.78750000
      172.79583333
      172.80416667
      172.81250000
      172.82083333
      172.82916667
      172.83750000
      172.84583333
      172.85416667
      172.86250000
      172.87083333
      172.87916667
      172.88750000
      172.89583333
      172.90416667
      172.91250000
      172.92083333
      172.92916667
      172.93750000
      172.94583333
      172.95416667
      172.96250000
      172.97083333
      172.97916667
      172.98750000
      172.99583333
      173.00416667
      173.01250000
      173.02083333
      173.02916667
      173.03750000
      173.04583333
      173.05416667
      173.06250000
      173.07083333
      173.07916667
      173.08750000
      173.09583333
      173.10416667
      173.11250000
      173.12083333
      173.12916667
      173.13750000
      173.14583333
      173.15416667
      173.16250000
      173.17083333
      173.17916667
      173.18750000
      173.19583333
      173.20416667
      173.21250000
      173.22083333
      173.22916667
      173.23750000
      173.24583333
      173.25416667
      173.26250000
      173.27083333
      173.27916667
      173.28750000
      173.29583333
      173.30416667
      173.31250000
      173.32083333
      173.32916667
      173.33750000
      173.34583333
      173.35416667
      173.36250000
      173.37083333
      173.37916667
      173.38750000
      173.39583333
      173.40416667
      173.41250000
      173.42083333
      173.42916667
      173.43750000
      173.44583333
      173.45416667
      173.46250000
      173.47083333
      173.47916667
      173.48750000
      173.49583333
      173.50416667
      173.51250000
      173.52083333
      173.52916667
      173.53750000
      173.54583333
      173.55416667
      173.56250000
      173.57083333
      173.57916667
      173.58750000
      173.59583333
      173.60416667
      173.61250000
      173.62083333
      173.62916667
      173.63750000
      173.64583333
      173.65416667
      173.66250000
      173.67083333
      173.67916667
      173.68750000
      173.69583333
      173.70416667
      173.71250000
      173.72083333
      173.72916667
      173.73750000
      173.74583333
      173.75416667
      173.76250000
      173.77083333
      173.77916667
      173.78750000
      173.79583333
      173.80416667
      173.81250000
      173.82083333
      173.82916667
      173.83750000
      173.84583333
      173.85416667
      173.86250000
      173.87083333
      173.87916667
      173.88750000
      173.89583333
      173.90416667
      173.91250000
      173.92083333
      173.92916667
      173.93750000
      173.94583333
      173.95416667
      173.96250000
      173.97083333
      173.97916667
      173.98750000
      173.99583333
      174.00416667
      174.01250000
      174.02083333
      174.02916667
      174.03750000
      174.04583333
      174.05416667
      174.06250000
      174.07083333
      174.07916667
      174.08750000
      174.09583333
      174.10416667
      174.11250000
      174.12083333
      174.12916667
      174.13750000
      174.14583333
      174.15416667
      174.16250000
      174.17083333
      174.17916667
      174.18750000
      174.19583333
      174.20416667
      174.21250000
      174.22083333
      174.22916667
      174.23750000
      174.24583333
      174.25416667
      174.26250000
      174.27083333
      174.27916667
      174.28750000
      174.29583333
      174.30416667
      174.31250000
      174.32083333
      174.32916667
      174.33750000
      174.34583333
      174.35416667
      174.36250000
      174.37083333
      174.37916667
      174.38750000
      174.39583333
      174.40416667
      174.41250000
      174.42083333
      174.42916667
      174.43750000
      174.44583333
      174.45416667
      174.46250000
      174.47083333
      174.47916667
      174.48750000
      174.49583333
      174.50416667
      174.51250000
      174.52083333
      174.52916667
      174.53750000
      174.54583333
      174.55416667
      174.56250000
      174.57083333
      174.57916667
      174.58750000
      174.59583333
      174.60416667
      174.61250000
      174.62083333
      174.62916667
      174.63750000
      174.64583333
      174.65416667
      174.66250000
      174.67083333
      174.67916667
      174.68750000
      174.69583333
      174.70416667
      174.71250000
      174.72083333
      174.72916667
      174.73750000
      174.74583333
      174.75416667
      174.76250000
      174.77083333
      174.77916667
      174.78750000
      174.79583333
      174.80416667
      174.81250000
      174.82083333
      174.82916667
      174.83750000
      174.84583333
      174.85416667
      174.86250000
      174.87083333
      174.87916667
      174.88750000
      174.89583333
      174.90416667
      174.91250000
      174.92083333
      174.92916667
      174.93750000
      174.94583333
      174.95416667
      174.96250000
      174.97083333
      174.97916667
      174.98750000
      174.99583333
      175.00416667
      175.01250000
      175.02083333
      175.02916667
      175.03750000
      175.04583333
      175.05416667
      175.06250000
      175.07083333
      175.07916667
      175.08750000
      175.09583333
      175.10416667
      175.11250000
      175.12083333
      175.12916667
      175.13750000
      175.14583333
      175.15416667
      175.16250000
      175.17083333
      175.17916667
      175.18750000
      175.19583333
      175.20416667
      175.21250000
      175.22083333
      175.22916667
      175.23750000
      175.24583333
      175.25416667
      175.26250000
      175.27083333
      175.27916667
      175.28750000
      175.29583333
      175.30416667
      175.31250000
      175.32083333
      175.32916667
      175.33750000
      175.34583333
      175.35416667
      175.36250000
      175.37083333
      175.37916667
      175.38750000
      175.39583333
      175.40416667
      175.41250000
      175.42083333
      175.42916667
      175.43750000
      175.44583333
      175.45416667
      175.46250000
      175.47083333
      175.47916667
      175.48750000
      175.49583333
      175.50416667
      175.51250000
      175.52083333
      175.52916667
      175.53750000
      175.54583333
      175.55416667
      175.56250000
      175.57083333
      175.57916667
      175.58750000
      175.59583333
      175.60416667
      175.61250000
      175.62083333
      175.62916667
      175.63750000
      175.64583333
      175.65416667
      175.66250000
      175.67083333
      175.67916667
      175.68750000
      175.69583333
      175.70416667
      175.71250000
      175.72083333
      175.72916667
      175.73750000
      175.74583333
      175.75416667
      175.76250000
      175.77083333
      175.77916667
      175.78750000
      175.79583333
      175.80416667
      175.81250000
      175.82083333
      175.82916667
      175.83750000
      175.84583333
      175.85416667
      175.86250000
      175.87083333
      175.87916667
      175.88750000
      175.89583333
      175.90416667
      175.91250000
      175.92083333
      175.92916667
      175.93750000
      175.94583333
      175.95416667
      175.96250000
      175.97083333
      175.97916667
      175.98750000
      175.99583333
      176.00416667
      176.01250000
      176.02083333
      176.02916667
      176.03750000
      176.04583333
      176.05416667
      176.06250000
      176.07083333
      176.07916667
      176.08750000
      176.09583333
      176.10416667
      176.11250000
      176.12083333
      176.12916667
      176.13750000
      176.14583333
      176.15416667
      176.16250000
      176.17083333
      176.17916667
      176.18750000
      176.19583333
      176.20416667
      176.21250000
      176.22083333
      176.22916667
      176.23750000
      176.24583333
      176.25416667
      176.26250000
      176.27083333
      176.27916667
      176.28750000
      176.29583333
      176.30416667
      176.31250000
      176.32083333
      176.32916667
      176.33750000
      176.34583333
      176.35416667
      176.36250000
      176.37083333
      176.37916667
      176.38750000
      176.39583333
      176.40416667
      176.41250000
      176.42083333
      176.42916667
      176.43750000
      176.44583333
      176.45416667
      176.46250000
      176.47083333
      176.47916667
      176.48750000
      176.49583333
      176.50416667
      176.51250000
      176.52083333
      176.52916667
      176.53750000
      176.54583333
      176.55416667
      176.56250000
      176.57083333
      176.57916667
      176.58750000
      176.59583333
      176.60416667
      176.61250000
      176.62083333
      176.62916667
      176.63750000
      176.64583333
      176.65416667
      176.66250000
      176.67083333
      176.67916667
      176.68750000
      176.69583333
      176.70416667
      176.71250000
      176.72083333
      176.72916667
      176.73750000
      176.74583333
      176.75416667
      176.76250000
      176.77083333
      176.77916667
      176.78750000
      176.79583333
      176.80416667
      176.81250000
      176.82083333
      176.82916667
      176.83750000
      176.84583333
      176.85416667
      176.86250000
      176.87083333
      176.87916667
      176.88750000
      176.89583333
      176.90416667
      176.91250000
      176.92083333
      176.92916667
      176.93750000
      176.94583333
      176.95416667
      176.96250000
      176.97083333
      176.97916667
      176.98750000
      176.99583333
      177.00416667
      177.01250000
      177.02083333
      177.02916667
      177.03750000
      177.04583333
      177.05416667
      177.06250000
      177.07083333
      177.07916667
      177.08750000
      177.09583333
      177.10416667
      177.11250000
      177.12083333
      177.12916667
      177.13750000
      177.14583333
      177.15416667
      177.16250000
      177.17083333
      177.17916667
      177.18750000
      177.19583333
      177.20416667
      177.21250000
      177.22083333
      177.22916667
      177.23750000
      177.24583333
      177.25416667
      177.26250000
      177.27083333
      177.27916667
      177.28750000
      177.29583333
      177.30416667
      177.31250000
      177.32083333
      177.32916667
      177.33750000
      177.34583333
      177.35416667
      177.36250000
      177.37083333
      177.37916667
      177.38750000
      177.39583333
      177.40416667
      177.41250000
      177.42083333
      177.42916667
      177.43750000
      177.44583333
      177.45416667
      177.46250000
      177.47083333
      177.47916667
      177.48750000
      177.49583333
      177.50416667
      177.51250000
      177.52083333
      177.52916667
      177.53750000
      177.54583333
      177.55416667
      177.56250000
      177.57083333
      177.57916667
      177.58750000
      177.59583333
      177.60416667
      177.61250000
      177.62083333
      177.62916667
      177.63750000
      177.64583333
      177.65416667
      177.66250000
      177.67083333
      177.67916667
      177.68750000
      177.69583333
      177.70416667
      177.71250000
      177.72083333
      177.72916667
      177.73750000
      177.74583333
      177.75416667
      177.76250000
      177.77083333
      177.77916667
      177.78750000
      177.79583333
      177.80416667
      177.81250000
      177.82083333
      177.82916667
      177.83750000
      177.84583333
      177.85416667
      177.86250000
      177.87083333
      177.87916667
      177.88750000
      177.89583333
      177.90416667
      177.91250000
      177.92083333
      177.92916667
      177.93750000
      177.94583333
      177.95416667
      177.96250000
      177.97083333
      177.97916667
      177.98750000
      177.99583333
      178.00416667
      178.01250000
      178.02083333
      178.02916667
      178.03750000
      178.04583333
      178.05416667
      178.06250000
      178.07083333
      178.07916667
      178.08750000
      178.09583333
      178.10416667
      178.11250000
      178.12083333
      178.12916667
      178.13750000
      178.14583333
      178.15416667
      178.16250000
      178.17083333
      178.17916667
      178.18750000
      178.19583333
      178.20416667
      178.21250000
      178.22083333
      178.22916667
      178.23750000
      178.24583333
      178.25416667
      178.26250000
      178.27083333
      178.27916667
      178.28750000
      178.29583333
      178.30416667
      178.31250000
      178.32083333
      178.32916667
      178.33750000
      178.34583333
      178.35416667
      178.36250000
      178.37083333
      178.37916667
      178.38750000
      178.39583333
      178.40416667
      178.41250000
      178.42083333
      178.42916667
      178.43750000
      178.44583333
      178.45416667
      178.46250000
      178.47083333
      178.47916667
      178.48750000
      178.49583333
      178.50416667
      178.51250000
      178.52083333
      178.52916667
      178.53750000
      178.54583333
      178.55416667
      178.56250000
      178.57083333
      178.57916667
      178.58750000
      178.59583333
      178.60416667
      178.61250000
      178.62083333
      178.62916667
      178.63750000
      178.64583333
      178.65416667
      178.66250000
      178.67083333
      178.67916667
      178.68750000
      178.69583333
      178.70416667
      178.71250000
      178.72083333
      178.72916667
      178.73750000
      178.74583333
      178.75416667
      178.76250000
      178.77083333
      178.77916667
      178.78750000
      178.79583333
      178.80416667
      178.81250000
      178.82083333
      178.82916667
      178.83750000
      178.84583333
      178.85416667
      178.86250000
      178.87083333
      178.87916667
      178.88750000
      178.89583333
      178.90416667
      178.91250000
      178.92083333
      178.92916667
      178.93750000
      178.94583333
      178.95416667
      178.96250000
      178.97083333
      178.97916667
      178.98750000
      178.99583333
