      150.00000000
      150.06666667
      150.13333333
      150.20000000
      150.26666667
      150.33333333
      150.40000000
      150.46666667
      150.53333333
      150.60000000
      150.66666667
      150.73333333
      150.80000000
      150.86666667
      150.93333333
      151.00000000
      151.06666667
      151.13333333
      151.20000000
      151.26666667
      151.33333333
      151.40000000
      151.46666667
      151.53333333
      151.60000000
      151.66666667
      151.73333333
      151.80000000
      151.86666667
      151.93333333
      152.00000000
      152.06666667
      152.13333333
      152.20000000
      152.26666667
      152.33333333
      152.40000000
      152.46666667
      152.53333333
      152.60000000
      152.66666667
      152.73333333
      152.80000000
      152.86666667
      152.93333333
      153.00000000
      153.06666667
      153.13333333
      153.20000000
      153.26666667
      153.33333333
      153.40000000
      153.46666667
      153.53333333
      153.60000000
      153.66666667
      153.73333333
      153.80000000
      153.86666667
      153.93333333
      154.00000000
      154.06666667
      154.13333333
      154.20000000
      154.26666667
      154.33333333
      154.40000000
      154.46666667
      154.53333333
      154.60000000
      154.66666667
      154.73333333
      154.80000000
      154.86666667
      154.93333333
      155.00000000
      155.06666667
      155.13333333
      155.20000000
      155.26666667
      155.33333333
      155.40000000
      155.46666667
      155.53333333
      155.60000000
      155.66666667
      155.73333333
      155.80000000
      155.86666667
      155.93333333
      156.00000000
      156.06666667
      156.13333333
      156.20000000
      156.26666667
      156.33333333
      156.40000000
      156.46666667
      156.53333333
      156.60000000
      156.66666667
      156.73333333
      156.80000000
      156.86666667
      156.93333333
      157.00000000
      157.06666667
      157.13333333
      157.20000000
      157.26666667
      157.33333333
      157.40000000
      157.46666667
      157.53333333
      157.60000000
      157.66666667
      157.73333333
      157.80000000
      157.86666667
      157.93333333
      158.00000000
      158.06666667
      158.13333333
      158.20000000
      158.26666667
      158.33333333
      158.40000000
      158.46666667
      158.53333333
      158.60000000
      158.66666667
      158.73333333
      158.80000000
      158.86666667
      158.93333333
      159.00000000
      159.06666667
      159.13333333
      159.20000000
      159.26666667
      159.33333333
      159.40000000
      159.46666667
      159.53333333
      159.60000000
      159.66666667
      159.73333333
      159.80000000
      159.86666667
      159.93333333
      160.00000000
      160.06666667
      160.13333333
      160.20000000
      160.26666667
      160.33333333
      160.40000000
      160.46666667
      160.53333333
      160.60000000
      160.66666667
      160.73333333
      160.80000000
      160.86666667
      160.93333333
      161.00000000
      161.06666667
      161.13333333
      161.20000000
      161.26666667
      161.33333333
      161.40000000
      161.46666667
      161.53333333
      161.60000000
      161.66666667
      161.73333333
      161.80000000
      161.86666667
      161.93333333
      162.00000000
      162.06666667
      162.13333333
      162.20000000
      162.26666667
      162.33333333
      162.40000000
      162.46666667
      162.53333333
      162.60000000
      162.66666667
      162.73333333
      162.80000000
      162.86666667
      162.93333333
      163.00000000
      163.06666667
      163.13333333
      163.20000000
      163.26666667
      163.33333333
      163.40000000
      163.46666667
      163.53333333
      163.60000000
      163.66666667
      163.73333333
      163.80000000
      163.86666667
      163.93333333
      164.00000000
      164.06666667
      164.13333333
      164.20000000
      164.26666667
      164.33333333
      164.40000000
      164.46666667
      164.53333333
      164.60000000
      164.66666667
      164.73333333
      164.80000000
      164.86666667
      164.93333333
      165.00000000
      165.06666667
      165.13333333
      165.20000000
      165.26666667
      165.33333333
      165.40000000
      165.46666667
      165.53333333
      165.60000000
      165.66666667
      165.73333333
      165.80000000
      165.86666667
      165.93333333
      166.00000000
      166.06666667
      166.13333333
      166.20000000
      166.26666667
      166.33333333
      166.40000000
      166.46666667
      166.53333333
      166.60000000
      166.66666667
      166.73333333
      166.80000000
      166.86666667
      166.93333333
      167.00000000
      167.06666667
      167.13333333
      167.20000000
      167.26666667
      167.33333333
      167.40000000
      167.46666667
      167.53333333
      167.60000000
      167.66666667
      167.73333333
      167.80000000
      167.86666667
      167.93333333
      168.00000000
      168.06666667
      168.13333333
      168.20000000
      168.26666667
      168.33333333
      168.40000000
      168.46666667
      168.53333333
      168.60000000
      168.66666667
      168.73333333
      168.80000000
      168.86666667
      168.93333333
      169.00000000
      169.06666667
      169.13333333
      169.20000000
      169.26666667
      169.33333333
      169.40000000
      169.46666667
      169.53333333
      169.60000000
      169.66666667
      169.73333333
      169.80000000
      169.86666667
      169.93333333
      170.00000000
      170.06666667
      170.13333333
      170.20000000
      170.26666667
      170.33333333
      170.40000000
      170.46666667
      170.53333333
      170.60000000
      170.66666667
      170.73333333
      170.80000000
      170.86666667
      170.93333333
      171.00000000
      171.06666667
      171.13333333
      171.20000000
      171.26666667
      171.33333333
      171.40000000
      171.46666667
      171.53333333
      171.60000000
      171.66666667
      171.73333333
      171.80000000
      171.86666667
      171.93333333
      172.00000000
      172.06666667
      172.13333333
      172.20000000
      172.26666667
      172.33333333
      172.40000000
      172.46666667
      172.53333333
      172.60000000
      172.66666667
      172.73333333
      172.80000000
      172.86666667
      172.93333333
      173.00000000
      173.06666667
      173.13333333
      173.20000000
      173.26666667
      173.33333333
      173.40000000
      173.46666667
      173.53333333
      173.60000000
      173.66666667
      173.73333333
      173.80000000
      173.86666667
      173.93333333
      174.00000000
      174.06666667
      174.13333333
      174.20000000
      174.26666667
      174.33333333
      174.40000000
      174.46666667
      174.53333333
      174.60000000
      174.66666667
      174.73333333
      174.80000000
      174.86666667
      174.93333333
      175.00000000
      175.06666667
      175.13333333
      175.20000000
      175.26666667
      175.33333333
      175.40000000
      175.46666667
      175.53333333
      175.60000000
      175.66666667
      175.73333333
      175.80000000
      175.86666667
      175.93333333
      176.00000000
      176.06666667
      176.13333333
      176.20000000
      176.26666667
      176.33333333
      176.40000000
      176.46666667
      176.53333333
      176.60000000
      176.66666667
      176.73333333
      176.80000000
      176.86666667
      176.93333333
      177.00000000
      177.06666667
      177.13333333
      177.20000000
      177.26666667
      177.33333333
      177.40000000
      177.46666667
      177.53333333
      177.60000000
      177.66666667
      177.73333333
      177.80000000
      177.86666667
      177.93333333
      178.00000000
      178.06666667
      178.13333333
      178.20000000
      178.26666667
      178.33333333
      178.40000000
      178.46666667
      178.53333333
      178.60000000
      178.66666667
      178.73333333
      178.80000000
      178.86666667
      178.93333333
      179.00000000
      179.06666667
      179.13333333
      179.20000000
      179.26666667
      179.33333333
      179.40000000
      179.46666667
      179.53333333
      179.60000000
      179.66666667
      179.73333333
      179.80000000
      179.86666667
      179.93333333
      180.00000000
      180.06666667
      180.13333333
      180.20000000
      180.26666667
      180.33333333
      180.40000000
      180.46666667
      180.53333333
      180.60000000
      180.66666667
      180.73333333
      180.80000000
      180.86666667
      180.93333333
      181.00000000
      181.06666667
      181.13333333
      181.20000000
      181.26666667
      181.33333333
      181.40000000
      181.46666667
      181.53333333
      181.60000000
      181.66666667
      181.73333333
      181.80000000
      181.86666667
      181.93333333
      182.00000000
      182.06666667
      182.13333333
      182.20000000
      182.26666667
      182.33333333
      182.40000000
      182.46666667
      182.53333333
      182.60000000
      182.66666667
      182.73333333
      182.80000000
      182.86666667
      182.93333333
      183.00000000
      183.06666667
      183.13333333
      183.20000000
      183.26666667
      183.33333333
      183.40000000
      183.46666667
      183.53333333
      183.60000000
      183.66666667
      183.73333333
      183.80000000
      183.86666667
      183.93333333
      184.00000000
      184.06666667
      184.13333333
      184.20000000
      184.26666667
      184.33333333
      184.40000000
      184.46666667
      184.53333333
      184.60000000
      184.66666667
      184.73333333
      184.80000000
      184.86666667
      184.93333333
      185.00000000
      185.06666667
      185.13333333
      185.20000000
      185.26666667
      185.33333333
      185.40000000
      185.46666667
      185.53333333
      185.60000000
      185.66666667
      185.73333333
      185.80000000
      185.86666667
      185.93333333
      186.00000000
      186.06666667
      186.13333333
      186.20000000
      186.26666667
      186.33333333
      186.40000000
      186.46666667
      186.53333333
      186.60000000
      186.66666667
      186.73333333
      186.80000000
      186.86666667
      186.93333333
      187.00000000
      187.06666667
      187.13333333
      187.20000000
      187.26666667
      187.33333333
      187.40000000
      187.46666667
      187.53333333
      187.60000000
      187.66666667
      187.73333333
      187.80000000
      187.86666667
      187.93333333
      188.00000000
      188.06666667
      188.13333333
      188.20000000
      188.26666667
      188.33333333
      188.40000000
      188.46666667
      188.53333333
      188.60000000
      188.66666667
      188.73333333
      188.80000000
      188.86666667
      188.93333333
      189.00000000
      189.06666667
      189.13333333
      189.20000000
      189.26666667
      189.33333333
      189.40000000
      189.46666667
      189.53333333
      189.60000000
      189.66666667
      189.73333333
      189.80000000
      189.86666667
      189.93333333
      190.00000000
      190.06666667
      190.13333333
      190.20000000
      190.26666667
      190.33333333
      190.40000000
      190.46666667
      190.53333333
      190.60000000
      190.66666667
      190.73333333
      190.80000000
      190.86666667
      190.93333333
      191.00000000
      191.06666667
      191.13333333
      191.20000000
      191.26666667
      191.33333333
      191.40000000
      191.46666667
      191.53333333
      191.60000000
      191.66666667
      191.73333333
      191.80000000
      191.86666667
      191.93333333
      192.00000000
      192.06666667
      192.13333333
      192.20000000
      192.26666667
      192.33333333
      192.40000000
      192.46666667
      192.53333333
      192.60000000
      192.66666667
      192.73333333
      192.80000000
      192.86666667
      192.93333333
      193.00000000
      193.06666667
      193.13333333
      193.20000000
      193.26666667
      193.33333333
      193.40000000
      193.46666667
      193.53333333
      193.60000000
      193.66666667
      193.73333333
      193.80000000
      193.86666667
      193.93333333
      194.00000000
      194.06666667
      194.13333333
      194.20000000
      194.26666667
      194.33333333
      194.40000000
      194.46666667
      194.53333333
      194.60000000
      194.66666667
      194.73333333
      194.80000000
      194.86666667
      194.93333333
      195.00000000
      195.06666667
      195.13333333
      195.20000000
      195.26666667
      195.33333333
      195.40000000
      195.46666667
      195.53333333
      195.60000000
      195.66666667
      195.73333333
      195.80000000
      195.86666667
      195.93333333
      196.00000000
      196.06666667
      196.13333333
      196.20000000
      196.26666667
      196.33333333
      196.40000000
      196.46666667
      196.53333333
      196.60000000
      196.66666667
      196.73333333
      196.80000000
      196.86666667
      196.93333333
      197.00000000
      197.06666667
      197.13333333
      197.20000000
      197.26666667
      197.33333333
      197.40000000
      197.46666667
      197.53333333
      197.60000000
      197.66666667
      197.73333333
      197.80000000
      197.86666667
      197.93333333
      198.00000000
      198.06666667
      198.13333333
      198.20000000
      198.26666667
      198.33333333
      198.40000000
      198.46666667
      198.53333333
      198.60000000
      198.66666667
      198.73333333
      198.80000000
      198.86666667
      198.93333333
      199.00000000
      199.06666667
      199.13333333
      199.20000000
      199.26666667
      199.33333333
      199.40000000
      199.46666667
      199.53333333
      199.60000000
      199.66666667
      199.73333333
      199.80000000
      199.86666667
      199.93333333
      200.00000000
