      -60.00000000
      -59.96664987
      -59.93326614
      -59.89984876
      -59.86639774
      -59.83291303
      -59.79939462
      -59.76584249
      -59.73225661
      -59.69863696
      -59.66498352
      -59.63129627
      -59.59757518
      -59.56382024
      -59.53003141
      -59.49620869
      -59.46235203
      -59.42846143
      -59.39453687
      -59.36057831
      -59.32658573
      -59.29255912
      -59.25849846
      -59.22440371
      -59.19027487
      -59.15611190
      -59.12191478
      -59.08768350
      -59.05341802
      -59.01911834
      -58.98478442
      -58.95041625
      -58.91601380
      -58.88157706
      -58.84710599
      -58.81260058
      -58.77806081
      -58.74348665
      -58.70887808
      -58.67423509
      -58.63955765
      -58.60484573
      -58.57009933
      -58.53531840
      -58.50050295
      -58.46565293
      -58.43076834
      -58.39584914
      -58.36089532
      -58.32590686
      -58.29088374
      -58.25582593
      -58.22073342
      -58.18560617
      -58.15044418
      -58.11524742
      -58.08001587
      -58.04474950
      -58.00944830
      -57.97411225
      -57.93874132
      -57.90333550
      -57.86789476
      -57.83241908
      -57.79690844
      -57.76136282
      -57.72578221
      -57.69016657
      -57.65451589
      -57.61883015
      -57.58310932
      -57.54735339
      -57.51156234
      -57.47573614
      -57.43987478
      -57.40397823
      -57.36804648
      -57.33207950
      -57.29607727
      -57.26003978
      -57.22396700
      -57.18785891
      -57.15171549
      -57.11553673
      -57.07932259
      -57.04307307
      -57.00678815
      -56.97046779
      -56.93411198
      -56.89772071
      -56.86129395
      -56.82483168
      -56.78833388
      -56.75180054
      -56.71523163
      -56.67862713
      -56.64198702
      -56.60531129
      -56.56859991
      -56.53185287
      -56.49507014
      -56.45825171
      -56.42139755
      -56.38450765
      -56.34758199
      -56.31062055
      -56.27362330
      -56.23659024
      -56.19952133
      -56.16241656
      -56.12527592
      -56.08809938
      -56.05088693
      -56.01363854
      -55.97635419
      -55.93903387
      -55.90167756
      -55.86428524
      -55.82685689
      -55.78939250
      -55.75189203
      -55.71435548
      -55.67678283
      -55.63917405
      -55.60152914
      -55.56384806
      -55.52613081
      -55.48837736
      -55.45058769
      -55.41276179
      -55.37489964
      -55.33700122
      -55.29906652
      -55.26109551
      -55.22308817
      -55.18504449
      -55.14696446
      -55.10884804
      -55.07069523
      -55.03250601
      -54.99428035
      -54.95601825
      -54.91771968
      -54.87938463
      -54.84101308
      -54.80260500
      -54.76416039
      -54.72567923
      -54.68716149
      -54.64860717
      -54.61001624
      -54.57138868
      -54.53272449
      -54.49402364
      -54.45528611
      -54.41651189
      -54.37770096
      -54.33885331
      -54.29996892
      -54.26104776
      -54.22208983
      -54.18309511
      -54.14406358
      -54.10499522
      -54.06589002
      -54.02674796
      -53.98756902
      -53.94835319
      -53.90910046
      -53.86981080
      -53.83048419
      -53.79112063
      -53.75172010
      -53.71228258
      -53.67280805
      -53.63329651
      -53.59374792
      -53.55416228
      -53.51453958
      -53.47487978
      -53.43518289
      -53.39544888
      -53.35567774
      -53.31586946
      -53.27602401
      -53.23614138
      -53.19622156
      -53.15626453
      -53.11627028
      -53.07623879
      -53.03617004
      -52.99606403
      -52.95592073
      -52.91574013
      -52.87552222
      -52.83526698
      -52.79497440
      -52.75464446
      -52.71427714
      -52.67387244
      -52.63343033
      -52.59295081
      -52.55243386
      -52.51187947
      -52.47128761
      -52.43065828
      -52.38999147
      -52.34928715
      -52.30854531
      -52.26776595
      -52.22694904
      -52.18609458
      -52.14520254
      -52.10427292
      -52.06330570
      -52.02230087
      -51.98125841
      -51.94017831
      -51.89906056
      -51.85790515
      -51.81671205
      -51.77548126
      -51.73421277
      -51.69290656
      -51.65156262
      -51.61018093
      -51.56876149
      -51.52730428
      -51.48580928
      -51.44427649
      -51.40270589
      -51.36109747
      -51.31945122
      -51.27776712
      -51.23604516
      -51.19428534
      -51.15248763
      -51.11065203
      -51.06877852
      -51.02686709
      -50.98491774
      -50.94293044
      -50.90090519
      -50.85884197
      -50.81674078
      -50.77460160
      -50.73242442
      -50.69020922
      -50.64795601
      -50.60566476
      -50.56333547
      -50.52096812
      -50.47856270
      -50.43611921
      -50.39363762
      -50.35111794
      -50.30856015
      -50.26596423
      -50.22333018
      -50.18065800
      -50.13794765
      -50.09519915
      -50.05241247
      -50.00958761
      -49.96672456
      -49.92382330
      -49.88088383
      -49.83790613
      -49.79489020
      -49.75183603
      -49.70874360
      -49.66561292
      -49.62244396
      -49.57923672
      -49.53599119
      -49.49270736
      -49.44938522
      -49.40602476
      -49.36262597
      -49.31918885
      -49.27571338
      -49.23219956
      -49.18864738
      -49.14505682
      -49.10142789
      -49.05776057
      -49.01405485
      -48.97031072
      -48.92652819
      -48.88270723
      -48.83884784
      -48.79495001
      -48.75101374
      -48.70703902
      -48.66302583
      -48.61897418
      -48.57488405
      -48.53075544
      -48.48658833
      -48.44238273
      -48.39813862
      -48.35385600
      -48.30953486
      -48.26517520
      -48.22077700
      -48.17634026
      -48.13186497
      -48.08735113
      -48.04279873
      -47.99820776
      -47.95357822
      -47.90891010
      -47.86420340
      -47.81945810
      -47.77467421
      -47.72985171
      -47.68499061
      -47.64009089
      -47.59515255
      -47.55017558
      -47.50515998
      -47.46010575
      -47.41501287
      -47.36988134
      -47.32471117
      -47.27950233
      -47.23425483
      -47.18896867
      -47.14364383
      -47.09828032
      -47.05287813
      -47.00743725
      -46.96195768
      -46.91643941
      -46.87088245
      -46.82528679
      -46.77965242
      -46.73397934
      -46.68826754
      -46.64251703
      -46.59672779
      -46.55089983
      -46.50503315
      -46.45912773
      -46.41318357
      -46.36720068
      -46.32117905
      -46.27511867
      -46.22901955
      -46.18288168
      -46.13670505
      -46.09048967
      -46.04423554
      -45.99794264
      -45.95161099
      -45.90524057
      -45.85883138
      -45.81238342
      -45.76589670
      -45.71937121
      -45.67280694
      -45.62620390
      -45.57956208
      -45.53288148
      -45.48616211
      -45.43940396
      -45.39260702
      -45.34577131
      -45.29889681
      -45.25198353
      -45.20503147
      -45.15804062
      -45.11101099
      -45.06394257
      -45.01683537
      -44.96968938
      -44.92250461
      -44.87528105
      -44.82801871
      -44.78071758
      -44.73337767
      -44.68599898
      -44.63858150
      -44.59112524
      -44.54363021
      -44.49609639
      -44.44852379
      -44.40091241
      -44.35326226
      -44.30557333
      -44.25784563
      -44.21007915
      -44.16227391
      -44.11442989
      -44.06654711
      -44.01862557
      -43.97066526
      -43.92266620
      -43.87462837
      -43.82655179
      -43.77843646
      -43.73028238
      -43.68208955
      -43.63385798
      -43.58558766
      -43.53727861
      -43.48893082
      -43.44054431
      -43.39211906
      -43.34365509
      -43.29515240
      -43.24661100
      -43.19803088
      -43.14941205
      -43.10075452
      -43.05205829
      -43.00332336
      -42.95454975
      -42.90573744
      -42.85688646
      -42.80799680
      -42.75906846
      -42.71010146
      -42.66109580
      -42.61205149
      -42.56296852
      -42.51384691
      -42.46468666
      -42.41548777
      -42.36625026
      -42.31697413
      -42.26765938
      -42.21830602
      -42.16891406
      -42.11948351
      -42.07001436
      -42.02050663
      -41.97096033
      -41.92137546
      -41.87175203
      -41.82209004
      -41.77238951
      -41.72265044
      -41.67287283
      -41.62305671
      -41.57320206
      -41.52330891
      -41.47337726
      -41.42340712
      -41.37339849
      -41.32335139
      -41.27326582
      -41.22314180
      -41.17297932
      -41.12277841
      -41.07253907
      -41.02226130
      -40.97194513
      -40.92159055
      -40.87119758
      -40.82076623
      -40.77029650
      -40.71978841
      -40.66924197
      -40.61865718
      -40.56803406
      -40.51737262
      -40.46667287
      -40.41593482
      -40.36515848
      -40.31434386
      -40.26349097
      -40.21259982
      -40.16167044
      -40.11070281
      -40.05969697
      -40.00865292
      -39.95757067
      -39.90645023
      -39.85529162
      -39.80409485
      -39.75285992
      -39.70158687
      -39.65027569
      -39.59892640
      -39.54753901
      -39.49611353
      -39.44464999
      -39.39314838
      -39.34160873
      -39.29003105
      -39.23841536
      -39.18676166
      -39.13506997
      -39.08334030
      -39.03157268
      -38.97976711
      -38.92792360
      -38.87604218
      -38.82412286
      -38.77216565
      -38.72017057
      -38.66813763
      -38.61606684
      -38.56395824
      -38.51181182
      -38.45962761
      -38.40740562
      -38.35514586
      -38.30284836
      -38.25051313
      -38.19814019
      -38.14572955
      -38.09328123
      -38.04079524
      -37.98827161
      -37.93571035
      -37.88311148
      -37.83047501
      -37.77780097
      -37.72508937
      -37.67234023
      -37.61955356
      -37.56672939
      -37.51386773
      -37.46096860
      -37.40803203
      -37.35505802
      -37.30204660
      -37.24899778
      -37.19591160
      -37.14278805
      -37.08962718
      -37.03642898
      -36.98319349
      -36.92992073
      -36.87661071
      -36.82326345
      -36.76987897
      -36.71645730
      -36.66299846
      -36.60950246
      -36.55596932
      -36.50239908
      -36.44879174
      -36.39514734
      -36.34146588
      -36.28774740
      -36.23399191
      -36.18019944
      -36.12637001
      -36.07250363
      -36.01860034
      -35.96466016
      -35.91068311
      -35.85666920
      -35.80261847
      -35.74853093
      -35.69440662
      -35.64024555
      -35.58604774
      -35.53181323
      -35.47754203
      -35.42323416
      -35.36888966
      -35.31450855
      -35.26009084
      -35.20563657
      -35.15114576
      -35.09661844
      -35.04205462
      -34.98745434
      -34.93281762
      -34.87814448
      -34.82343496
      -34.76868907
      -34.71390684
      -34.65908830
      -34.60423348
      -34.54934239
      -34.49441508
      -34.43945155
      -34.38445185
      -34.32941599
      -34.27434401
      -34.21923593
      -34.16409178
      -34.10891159
      -34.05369538
      -33.99844318
      -33.94315502
      -33.88783093
      -33.83247094
      -33.77707507
      -33.72164335
      -33.66617582
      -33.61067250
      -33.55513341
      -33.49955860
      -33.44394808
      -33.38830190
      -33.33262007
      -33.27690262
      -33.22114960
      -33.16536102
      -33.10953692
      -33.05367732
      -32.99778227
      -32.94185178
      -32.88588590
      -32.82988464
      -32.77384805
      -32.71777616
      -32.66166898
      -32.60552657
      -32.54934894
      -32.49313613
      -32.43688818
      -32.38060511
      -32.32428696
      -32.26793376
      -32.21154554
      -32.15512233
      -32.09866418
      -32.04217111
      -31.98564315
      -31.92908034
      -31.87248271
      -31.81585030
      -31.75918314
      -31.70248127
      -31.64574471
      -31.58897350
      -31.53216769
      -31.47532729
      -31.41845236
      -31.36154291
      -31.30459900
      -31.24762064
      -31.19060789
      -31.13356077
      -31.07647932
      -31.01936358
      -30.96221358
      -30.90502935
      -30.84781095
      -30.79055839
      -30.73327173
      -30.67595099
      -30.61859621
      -30.56120743
      -30.50378469
      -30.44632803
      -30.38883748
      -30.33131308
      -30.27375487
      -30.21616288
      -30.15853717
      -30.10087775
      -30.04318468
      -29.98545799
      -29.92769773
      -29.86990392
      -29.81207661
      -29.75421584
      -29.69632165
      -29.63839408
      -29.58043317
      -29.52243895
      -29.46441148
      -29.40635078
      -29.34825691
      -29.29012989
      -29.23196978
      -29.17377661
      -29.11555043
      -29.05729127
      -28.99899918
      -28.94067419
      -28.88231636
      -28.82392572
      -28.76550232
      -28.70704619
      -28.64855739
      -28.59003594
      -28.53148191
      -28.47289532
      -28.41427622
      -28.35562466
      -28.29694068
      -28.23822432
      -28.17947563
      -28.12069465
      -28.06188142
      -28.00303599
      -27.94415841
      -27.88524871
      -27.82630695
      -27.76733316
      -27.70832740
      -27.64928970
      -27.59022012
      -27.53111870
      -27.47198548
      -27.41282052
      -27.35362385
      -27.29439552
      -27.23513558
      -27.17584408
      -27.11652106
      -27.05716658
      -26.99778067
      -26.93836338
      -26.87891476
      -26.81943487
      -26.75992373
      -26.70038142
      -26.64080796
      -26.58120342
      -26.52156784
      -26.46190126
      -26.40220374
      -26.34247532
      -26.28271606
      -26.22292600
      -26.16310519
      -26.10325368
      -26.04337153
      -25.98345877
      -25.92351547
      -25.86354166
      -25.80353741
      -25.74350276
      -25.68343776
      -25.62334247
      -25.56321692
      -25.50306118
      -25.44287530
      -25.38265933
      -25.32241331
      -25.26213730
      -25.20183136
      -25.14149553
      -25.08112986
      -25.02073442
      -24.96030924
      -24.89985439
      -24.83936991
      -24.77885587
      -24.71831230
      -24.65773927
      -24.59713683
      -24.53650503
      -24.47584393
      -24.41515358
      -24.35443403
      -24.29368534
      -24.23290757
      -24.17210076
      -24.11126497
      -24.05040026
      -23.98950668
      -23.92858428
      -23.86763313
      -23.80665328
      -23.74564478
      -23.68460768
      -23.62354205
      -23.56244795
      -23.50132542
      -23.44017452
      -23.37899531
      -23.31778785
      -23.25655219
      -23.19528839
      -23.13399651
      -23.07267660
      -23.01132873
      -22.94995294
      -22.88854930
      -22.82711787
      -22.76565870
      -22.70417186
      -22.64265739
      -22.58111536
      -22.51954583
      -22.45794885
      -22.39632449
      -22.33467281
      -22.27299386
      -22.21128770
      -22.14955439
      -22.08779400
      -22.02600657
      -21.96419218
      -21.90235089
      -21.84048274
      -21.77858781
      -21.71666615
      -21.65471783
      -21.59274291
      -21.53074144
      -21.46871348
      -21.40665911
      -21.34457838
      -21.28247136
      -21.22033809
      -21.15817866
      -21.09599311
      -21.03378151
      -20.97154393
      -20.90928043
      -20.84699106
      -20.78467589
      -20.72233500
      -20.65996842
      -20.59757624
      -20.53515852
      -20.47271531
      -20.41024669
      -20.34775271
      -20.28523345
      -20.22268896
      -20.16011931
      -20.09752456
      -20.03490478
